BuildTextComplexJSON.java#2018-07-05 19:21:48.022
BuildTextJSON.java#2018-07-05 19:21:34.969
BuildTextJSONBaseImpl.java#2018-07-03 15:34:41.724
BuildTextJSONFactory.java#2018-07-03 15:34:41.693
BuildTextJSONPreprocessor.java#2018-07-03 15:34:41.717
BuildTextJSONRawJSON.java#2018-07-03 15:34:41.709
BuildTextNullJSON.java#2018-07-03 15:34:41.695
BuildTextOptionalParameterJSON.java#2018-07-03 15:34:41.697
BuildTextOptionalRefByIdJSON.java#2018-07-03 15:34:41.702
BuildTextParameterJSON.java#2018-07-03 15:34:41.704
BuildTextRefByIdJSON.java#2018-07-03 15:34:41.719
BuildTextRefJSON.java#2018-07-03 15:34:41.707
BuildTextSimpleJSON.java#2018-07-03 15:34:41.700
BuildTextSwitchJSON.java#2018-07-03 15:34:41.722
