BuildTextDiagramFactory.java#2018-07-03 15:34:41.652
DIAAssociation.java#2018-07-03 15:34:41.633
DIAAssociationEnd.java#2018-07-03 15:34:41.641
DIAAttribute.java#2018-07-03 15:34:41.659
DIAClass.java#2018-07-03 15:34:41.626
DIAConfiguration.java#2018-07-03 15:34:41.662
DIADiagram.java#2018-07-03 15:34:41.649
DIAFeature.java#2018-07-03 15:34:41.654
DIAItem.java#2018-07-03 15:34:41.636
DIANote.java#2018-07-03 15:34:41.623
DIAOperation.java#2018-07-03 15:34:41.638
DIAState.java#2018-07-03 15:34:41.621
DIATransition.java#2018-07-03 15:34:41.643
DIAView.java#2018-07-03 15:34:41.628
ItemProperty.java#2018-07-03 15:34:41.630
ItemRole.java#2018-07-03 15:34:41.617
ItemType.java#2018-07-03 15:34:41.619
OCPProperty.java#2018-07-03 15:34:41.656
